10001100
00000001
00000000
00000000
10001100
00000010
00000000
00000100
00100100
01000011
00000100
00000011
00000000
00100011
00100000
00100011
00000000
10000010
00101000
00100001
00100100
00000110
00001100
00000100
00010000
10100110
00000000
00000001
11111111
11111111
11111111
11111111
10101100
00000110
00000000
00001000
00000000
00100010
00111000
00100100
00000000
01000011
01000000
00100101
00000000
01100100
01001000
00100111
00001000
00000000
00000000
00001110
11111111
11111111
11111111
11111111
00100100
00001010
00000000
00000001
11111111
11111111
11111111
11111111